-75 4294967221 ffffffb5 
-55 4294967241 ffffffc9 
84 84 54 
-38 4294967258 ffffffda 
127 127 7f 
-12 4294967284 fffffff4 
-125 4294967171 ffffff83 
89 89 59 
-123 4294967173 ffffff85 
127 127 7f 
-38 4294967258 ffffffda 
-124 4294967172 ffffff84 
10 10 a 
94 94 5e 
122 122 7a 
-22 4294967274 ffffffea 
-48 4294967248 ffffffd0 
108 108 6c 
-21 4294967275 ffffffeb 
-18 4294967278 ffffffee 
-76 4294967220 ffffffb4 
-76 4294967220 ffffffb4 
97 97 61 
107 107 6b 
-98 4294967198 ffffff9e 
-59 4294967237 ffffffc5 
-86 4294967210 ffffffaa 
89 89 59 
-80 4294967216 ffffffb0 
-33 4294967263 ffffffdf 
-16 4294967280 fffffff0 
89 89 59 
54 54 36 
-12 4294967284 fffffff4 
119 119 77 
-120 4294967176 ffffff88 
-82 4294967214 ffffffae 
-105 4294967191 ffffff97 
-23 4294967273 ffffffe9 
-123 4294967173 ffffff85 
89 89 59 
-23 4294967273 ffffffe9 
58 58 3a 
34 34 22 
31 31 1f 
58 58 3a 
105 105 69 
-34 4294967262 ffffffde 
94 94 5e 
69 69 45 
-55 4294967241 ffffffc9 
-28 4294967268 ffffffe4 
-101 4294967195 ffffff9b 
69 69 45 
-79 4294967217 ffffffb1 
-44 4294967252 ffffffd4 
5 5 5 
-76 4294967220 ffffffb4 
-35 4294967261 ffffffdd 
125 125 7d 
-27 4294967269 ffffffe5 
8 8 8 
0 0 0 
67 67 43 
115 115 73 
-45 4294967251 ffffffd3 
-92 4294967204 ffffffa4 
53 53 35 
-5 4294967291 fffffffb 
119 119 77 
-102 4294967194 ffffff9a 
21 21 15 
123 123 7b 
49 49 31 
9 9 9 
12 12 c 
15 15 f 
-69 4294967227 ffffffbb 
-94 4294967202 ffffffa2 
38 38 26 
22 22 16 
-21 4294967275 ffffffeb 
32 32 20 
102 102 66 
-20 4294967276 ffffffec 
119 119 77 
10 10 a 
-16 4294967280 fffffff0 
120 120 78 
-27 4294967269 ffffffe5 
-37 4294967259 ffffffdb 
96 96 60 
-87 4294967209 ffffffa9 
124 124 7c 
-51 4294967245 ffffffcd 
55 55 37 
121 121 79 
65 65 41 
49 49 31 
-69 4294967227 ffffffbb 
17 17 11 
28 28 1c 
-28 4294967268 ffffffe4 
-93 4294967203 ffffffa3 
-124 4294967172 ffffff84 
-111 4294967185 ffffff91 
-88 4294967208 ffffffa8 
-3 4294967293 fffffffd 
3 3 3 
-39 4294967257 ffffffd9 
-55 4294967241 ffffffc9 
-54 4294967242 ffffffca 
111 111 6f 
48 48 30 
42 42 2a 
